1248089752662 97.6534
1248089809005 96.698
1248089855013 98.1254
1248089864274 97.7403
1248089869696 95.7565
1248089880236 97.7573
1248089897198 98.2992
1248089905248 83.8613
1248089911217 56.1233
1248089924614 35.7543
1248089970302 37.8217
1248090074462 40.4286
1248090155131 44.7526
1248090162650 54.1367
1248090193909 48.917
1248090201711 31.4062
1248090227798 26.6194
1248090248821 34.6591
1248090256203 31.9783
1248090271316 36.1964
1248090277141 28.1642
1248090288723 35.6619
1248090324696 34.4703
1248090441609 32.7936
1248090451041 31.3892
1248090457870 32.0691
1248090471477 34.0291
1248090481944 34.6617
1248090487880 27.4331
1248090493299 26.0244
1248090498302 49.6834
1248090543850 29.539
1248090554946 32.5342
1248090563307 46.89
1248090572084 33.7245
1248090582393 27.3574
1248090591392 28.2285
1248090598472 34.7507
1248090606035 33.8535
1248090616341 40.1747
1248090622489 29.2735
1248090629310 31.7556
1248090635114 99.9402
1248090640188 86.5759
