1248089713542 97.7945
1248089752628 90.8066
1248089855013 95.7418
1248089864234 98.1009
1248089880140 96.5207
1248089892000 98.6153
1248089897096 97.9544
1248089905955 62.3306
1248089922328 45.3213
1248090074462 42.2333
1248090137725 44.6707
1248090157195 36.0573
1248090162651 79.2227
1248090218377 43.2653
1248090227799 30.1422
1248090252804 37.5146
1248090269227 15.7026
1248090381292 30.1672
1248090441609 32.7111
1248090457870 30.2583
1248090470420 29.166
1248090479465 33.5066
1248090486632 36.975
1248090494327 30.1534
1248090503670 41.7375
1248090523422 33.7704
1248090554946 35.4016
1248090567890 46.9752
1248090586964 32.2428
1248090596936 30.3
1248090603996 33.5694
1248090617734 31.871
1248090622801 33.0109
1248090629309 27.6695
1248090634622 94.1366
1248090639716 82.8114
