1248089601097 95.7286
1248089855034 95.9398
1248089863242 99.4145
1248089908293 97.2491
1248089950687 98.3044
1248089957620 98.7422
1248089965305 98.7895
1248089971654 98.5649
1248089977601 98.3855
1248089982944 99.0451
1248090080486 96.7623
1248090129363 91.03
1248090198225 92.2492
1248090215278 73.7114
1248090223290 88.3895
1248090238527 64.4131
1248090249896 55.5067
1248090255078 36.6654
1248090272050 34.117
1248090370248 38.1584
1248090379208 40.6295
1248090420150 41.2056
1248090436248 31.6829
1248090459502 34.2296
1248090464634 30.2027
1248090474856 30.9137
1248090490003 28.6544
1248090499562 33.8386
1248090508221 29.9687
1248090518698 27.6823
1248090536372 38.307
1248090591983 33.0336
1248090598745 41.7036
1248090603986 28.3201
1248090610793 62.3535
1248090620491 24.7004
1248090631867 52.1618
1248090636891 0
