1248089554132 97.6113
1248089571750 100.166
1248089597943 99.9653
1248089642171 97.9687
1248089674740 98.8846
1248089697979 97.7091
1248089709610 97.6997
1248089719708 98.9676
1248089737348 97.4093
1248089745248 99.4531
1248089754485 99.1225
1248089806677 98.631
1248089811939 99.638
1248089818386 100.111
1248089828521 98.7124
1248089851624 98.0681
1248089864642 97.7426
1248089870776 91.1463
1248089883882 95.1072
1248089923151 98.1207
1248089938157 98.0445
1248089951898 98.0992
1248089957044 98.775
1248089963531 99.2138
1248089972710 98.9311
1248089986181 99.45
1248090006792 92.2606
1248090064394 91.3588
1248090117058 95.5285
1248090161591 98.4823
1248090176348 98.5218
1248090182409 99.2404
1248090191468 42.7686
1248090203992 57.8229
1248090220254 27.4711
1248090380570 21.6234
1248090489282 24.0544
1248090506044 28.6959
1248090515844 44.8005
1248090528370 21.7947
1248090535789 42.6463
1248090540916 28.27
1248090554516 32.513
1248090568667 30.6714
1248090577002 36.1171
1248090609539 34.5156
1248090615236 29.3188
1248090623819 34.7279
1248090631274 33.8028
1248090637565 41.3355
1248090642601 84
