1248089690571 98.2523
1248089754750 97.8976
1248089801938 98.0754
1248089832767 95.4399
1248089848145 94.5893
1248089865163 90.7968
1248089873535 97.1442
1248089880593 99.2052
1248089889863 99.2333
1248089896805 98.9043
1248089904122 96.5728
1248089912534 97.062
1248089918716 96.7794
1248089931682 96.951
1248089975206 96.4828
1248089984307 98.5699
1248089998208 85.4018
1248090027911 79.5569
1248090052660 72.6927
1248090066034 96.3135
1248090072480 98.4166
1248090080307 96.2177
1248090088294 97.6954
1248090096307 92.2827
1248090112763 87.8259
1248090119812 86.975
1248090126953 53.914
1248090137428 35.44
1248090162801 36.3291
1248090205563 22.9715
1248090252320 38.4755
1248090265085 91.8279
1248090272537 51.9728
1248090283283 52.5777
1248090304907 48.1894
1248090330689 35.724
1248090337655 35.463
1248090343402 38.2808
1248090357738 42.623
1248090363133 24.7918
1248090375508 30.406
1248090471137 21.4435
1248090477142 17.6578
1248090484985 25.8465
1248090498130 39.2974
1248090531921 33.4705
1248090541766 31.2881
1248090555109 30.9549
1248090564245 35.7925
1248090572226 32.7488
1248090585880 29.0839
1248090594028 28.9274
1248090600987 38.8043
1248090609585 35.8265
1248090618421 38.0306
1248090623892 35.1533
1248090630883 46.3161
1248090635983 52.9516
