1248089554728 97.4593
1248089564967 99.9412
1248089571853 99.9555
1248089583698 100.289
1248089597838 99.5588
1248089612420 99.1798
1248089642160 95.8881
1248089674739 98.4178
1248089692011 97.9958
1248089719689 97.7051
1248089726517 98.1027
1248089737250 97.1652
1248089746391 99.1554
1248089754579 99.072
1248089802492 97.3327
1248089810166 99.9738
1248089818388 99.4886
1248089828422 98.7026
1248089845690 98.3702
1248089851622 99.0216
1248089861865 98.9161
1248089870730 89.8521
1248089883871 94.3353
1248089896923 98.0002
1248089923167 98.707
1248089939459 98.4341
1248089951903 98.4727
1248089958132 98.1836
1248089963619 99.1419
1248089972814 98.8975
1248090057252 93.0864
1248090064290 88.1515
1248090117050 94.2956
1248090122930 94.735
1248090147707 98.2598
1248090162702 98.9517
1248090176344 98.232
1248090182410 99.0917
1248090188846 45.8858
1248090193966 47.9077
1248090205893 65.0625
1248090222187 41.0606
1248090381358 42.5214
1248090435466 44.3566
1248090489282 47.4775
1248090515844 52.7822
1248090522103 61.831
1248090528271 64.977
1248090536162 42.9085
1248090542733 42.9224
1248090554517 28.5181
1248090559728 30.3205
1248090572351 33.3545
1248090581515 28.5933
1248090596053 34.1198
1248090604546 34.6398
1248090615243 34.576
1248090623819 28.9213
1248090629687 37.4979
1248090636520 51.8074
