1248089904970 46.6135
1248089975536 33.4533
1248090112362 49.2527
1248090118708 95.5917
1248090131061 96.9859
1248090162805 95.7746
1248090172975 95.6839
1248090190358 98.9797
1248090199234 98.7933
1248090215954 98.241
1248090221253 98.8249
1248090233121 85.5465
1248090239055 72.9939
1248090264197 38.9142
1248090333221 28.5569
1248090338360 17.9058
1248090354124 35.2725
1248090360292 42.4842
1248090489066 36.4595
1248090505222 38.0664
1248090546825 42.8094
1248090623004 31.7025
1248090630523 37.4368
1248090638595 37.2149
1248090643691 55.4356
