1248089749798 67.5982
1248089833389 33.8087
1248089942402 35.8289
1248089951396 28.8034
1248089979953 32.5699
1248090019825 33.6619
1248090054291 36.821
1248090074418 36.238
1248090119566 52.0755
1248090134954 44.3202
1248090157920 55.2145
1248090180815 60.1904
1248090221585 44.5682
1248090326075 32.8221
1248090345807 31.0022
1248090402057 35.1467
1248090423019 35.256
1248090454976 39.2415
1248090462236 36.5014
1248090504262 31.9802
1248090511201 38.3341
1248090517429 33.5635
1248090529621 36.6664
1248090535641 47.1839
1248090547203 42.5532
1248090556667 27.5811
1248090584238 35.1222
1248090598650 26.2281
1248090617752 39.3153
1248090626013 25.3739
1248090633526 45.2669
1248090639280 43.9692
