1248089752621 96.7354
1248089793390 92.0739
1248089855030 98.7666
1248089861476 98.2462
1248089880134 97.5597
1248089897119 98.3085
1248089902130 56.9089
1248089907858 47.8326
1248090076082 44.8158
1248090157195 44.2105
1248090162651 53.3651
1248090172774 71.8101
1248090229546 71.796
1248090254572 64.3782
1248090269651 40.6553
1248090298932 35.6545
1248090317732 40.7468
1248090323128 25.0232
1248090382848 34.1265
1248090443647 36.0039
1248090456551 23.8704
1248090464009 31.514
1248090470317 35.8332
1248090476601 35.8109
1248090484460 29.3931
1248090490971 23.0415
1248090495974 20.2622
1248090501371 65.5608
1248090523977 29.1958
1248090554946 33.6476
1248090560910 47.7947
1248090570609 40.8332
1248090589315 37.0489
1248090595016 37.7259
1248090604147 35.0819
1248090616341 39.5309
1248090624066 35.9871
1248090629310 42.1434
