1248089826040 87.1526
1248089872019 65.5934
1248089910700 55.1448
1248089994021 58.4981
1248090060148 55.3338
1248090127658 53.9476
1248090165834 60.8236
1248090192004 49.2185
1248090212307 38.9617
1248090218686 41.2355
1248090321509 33.417
1248090332572 19.4021
1248090382868 28.1521
1248090405265 33.6221
1248090496157 31.637
1248090506134 25.7463
1248090521468 27.8466
1248090555973 28.9283
1248090569433 34.309
1248090574939 53.6079
1248090586439 25.4827
1248090592855 27.5916
1248090601546 34.7486
1248090610881 33.8511
1248090626660 39.0417
1248090633191 34.6042
1248090639778 47.765
