1248089749312 62.8292
1248089807288 30.3653
1248089816193 26.866
1248089833170 34.5153
1248089920065 36.6162
1248089951598 34.9486
1248090020192 35.3701
1248090074495 38.0649
1248090089112 28.3271
1248090117318 16.6153
1248090133540 19.7324
1248090156832 22.5028
1248090167917 31.769
1248090185207 47.0792
1248090206494 45.1001
1248090221585 31.3432
1248090329721 31.5532
1248090345807 36.8113
1248090353822 33.4373
1248090368449 36.1001
1248090397658 34.3741
1248090403075 30.9161
1248090448982 32.022
1248090454782 42.4211
1248090495118 35.9489
1248090503162 51.2247
1248090520005 36.694
1248090535822 45.7764
1248090544551 38.8651
1248090556667 33.2645
1248090586256 38.4615
1248090596216 31.3284
1248090612456 38.5468
1248090619864 34.5619
1248090627883 38.7829
1248090633526 28.394
