1248089751463 80.7391
1248089833170 74.5741
1248089951395 73.2182
1248090022162 73.2273
1248090119566 62.9543
1248090134954 44.5181
1248090141889 20.3375
1248090156818 21.241
1248090163293 35.5487
1248090184060 20.6508
1248090205074 18.3255
1248090219360 32.4332
1248090319987 33.8127
1248090327548 32.2709
1248090345807 35.7084
1248090368449 34.6259
1248090393324 32.5239
1248090405319 33.2639
1248090421541 38.5303
1248090443725 34.0786
1248090454979 33.3244
1248090492282 29.7035
1248090502145 39.5613
1248090517430 32.5404
1248090523493 43.5428
1248090536058 39.9554
1248090545884 30.4295
1248090555308 30.0297
1248090584238 36.571
1248090594569 31.7522
1248090602295 29.9029
1248090612456 42.815
1248090621260 32.6025
1248090627891 35.085
1248090635015 37.8917
1248090640215 45.5769
1248090645234 98.6501
