1248089557261 98.25
1248089569243 99.732
1248089582243 100.085
1248089597839 99.4916
1248089642064 96.8451
1248089667063 98.224
1248089674845 98.7719
1248089719704 98.4832
1248089737280 97.9968
1248089748905 99.5686
1248089754477 98.8497
1248089771297 96.5841
1248089806677 97.7399
1248089813683 99.684
1248089828423 98.9339
1248089848938 98.3559
1248089864543 97.5751
1248089870606 84.9025
1248089879222 94.5303
1248089898671 97.3781
1248089923160 98.6347
1248089939468 98.5025
1248089950603 98.2914
1248089956054 98.0176
1248089961762 98.1767
1248089972708 99.0307
1248089986176 99.3609
1248090057264 91.7294
1248090064290 88.2939
1248090096780 94.1844
1248090114696 95.4614
1248090147714 97.5203
1248090162701 99.0509
1248090172611 97.736
1248090179997 98.3787
1248090187995 66.6917
1248090195453 47.7596
1248090204104 48.1203
1248090222187 37.6044
1248090381358 43.853
1248090425307 44.4606
1248090486926 53.6369
1248090501925 52.207
1248090514472 28.2959
1248090528882 23.9417
1248090535884 38.1374
1248090540937 28.3
1248090547681 27.9167
1248090552777 22.9637
1248090558044 26.9603
1248090569703 33.2819
1248090609539 34.3014
1248090615231 33.1999
1248090623819 29.6961
1248090634298 45.1379
1248090639393 52.8792
