1248089826066 89.4611
1248089955341 23.6337
1248089994124 24.7729
1248090002720 26.5641
1248090058297 21.9513
1248090118403 18.7925
1248090164367 20.1437
1248090186871 17.6023
1248090212329 16.6588
1248090221110 19.9385
1248090324201 34.0288
1248090336029 40.2469
1248090377488 24.7479
1248090437202 32.0701
1248090443559 36.3436
1248090477961 28.7201
1248090498102 38.8263
1248090541565 33.1554
1248090552354 40.1335
1248090559136 41.2858
1248090568277 31.1782
1248090579508 37.1525
1248090585156 26.2086
1248090601558 34.632
1248090609133 30.231
1248090621150 38.7784
1248090631303 31.7148
1248090636864 42.6259
1248090641910 99.7586
