1248089690578 98.4229
1248089754728 96.3432
1248089760778 96.5608
1248089832662 95.6188
1248089848041 94.4282
1248089861474 92.5209
1248089869073 92.0706
1248089874406 96.8832
1248089883890 99.3342
1248089889836 99.3768
1248089896870 98.3962
1248089904144 96.6988
1248089931706 98.0584
1248089975301 97.172
1248089984294 98.3753
1248089992394 65.3813
1248090000206 73.2895
1248090028027 43.0951
1248090065983 53.424
1248090076497 97.7888
1248090082461 97.651
1248090088267 97.1192
1248090098446 92.1053
1248090119890 88.8485
1248090130174 82.1665
1248090138122 81.0369
1248090148933 31.4494
1248090164366 39.8497
1248090177236 48.8913
1248090199395 49.3276
1248090207044 71.6527
1248090252290 76.8021
1248090265113 86.8744
1248090283283 75.2931
1248090293398 40.6367
1248090332489 39.7544
1248090343819 46.955
1248090356249 46.7455
1248090363125 56.2694
1248090377315 62.5088
1248090471127 60.1215
1248090484229 46.256
1248090496479 42.2812
1248090541007 35.8202
1248090559432 34.5726
1248090565712 25.3225
1248090572226 40.8351
1248090589185 33.5445
1248090598767 35.4832
1248090611006 40.4478
1248090616561 53.655
1248090622433 26.5713
1248090629379 48.4112
1248090634482 35.9109
1248090639660 26.373
