1248089640447 97.7196
1248089690575 98.7553
1248089749858 96.3601
1248089832675 95.3661
1248089840735 94.0139
1248089848099 95.4323
1248089861529 93.0285
1248089870198 94.6117
1248089876657 98.8056
1248089886557 99.575
1248089893415 99.6202
1248089899774 97.4496
1248089906755 98.1797
1248089922943 96.6665
1248089931681 96.4601
1248089969196 95.6863
1248089975209 99.2506
1248089986995 98.6837
1248089992915 54.4195
1248090028118 50.3544
1248090065993 54.0105
1248090080280 96.8827
1248090089215 97.5969
1248090096304 92.1535
1248090119859 90.2111
1248090128986 51.4298
1248090137346 32.4163
1248090146405 24.5041
1248090164366 34.2409
1248090174641 45.3528
1248090199834 18.6178
1248090205571 33.8156
1248090252213 37.2689
1248090265061 91.9567
1248090272241 51.3999
1248090282092 35.6309
1248090293527 15.3913
1248090303162 41.9392
1248090332489 35.4622
1248090343155 44.6107
1248090353961 33.648
1248090360993 33.4052
1248090471135 22.5956
1248090486101 35.0842
1248090496479 39.3177
1248090541007 35.8875
1248090555101 33.2789
1248090564245 30.187
1248090572226 46.4463
1248090578567 33.123
1248090587315 34.8691
1248090592407 32.0173
1248090600987 35.0816
1248090611006 32.5414
1248090620045 35.9981
1248090626243 45.3863
1248090633683 40.0591
1248090640812 48.5719
