1248089749303 63.8813
1248089833182 32.5578
1248089861563 35.7168
1248089951405 32.4237
1248089982932 31.7778
1248090019899 30.5292
1248090078485 33.5172
1248090117046 19.4573
1248090134954 36.0773
1248090141877 49.1188
1248090156916 53.7843
1248090163292 34.3799
1248090182478 20.4348
1248090199009 18.6944
1248090206482 36.1301
1248090221585 38.8665
1248090329721 33.3842
1248090338255 33.8685
1248090348038 32.1987
1248090363812 36.4547
1248090393324 32.5302
1248090400571 35.1918
1248090445141 34.0371
1248090455276 34.7346
1248090505842 31.9997
1248090520005 39.3984
1248090536837 42.8376
1248090541992 42.871
1248090547204 22.2563
1248090555308 31.7127
1248090583151 37.6037
1248090593092 30.2044
1248090602295 31.1889
1248090621260 35.4883
1248090627883 33.6705
1248090633524 31.7348
1248090639907 46.6678
1248090644922 0
