1248089700237 98.5331
1248089752682 91.8737
1248089855117 96.1569
1248089864221 98.285
1248089874174 97.9604
1248089880140 97.1265
1248089897100 98.3045
1248089902121 55.8436
1248089968297 24.6586
1248090074462 21.7293
1248090155044 22.2498
1248090160201 36.2755
1248090172821 71.7627
1248090227799 33.1957
1248090248821 34.0612
1248090254572 49.913
1248090271316 39.3
1248090403177 34.097
1248090441609 36.7421
1248090456551 30.8547
1248090473017 35.7729
1248090484460 29.8025
1248090495351 27.6792
1248090514492 30.3873
1248090553333 32.724
1248090571999 38.4657
1248090577247 32.4776
1248090585309 28.7805
1248090592852 30.3593
1248090603995 33.2077
1248090609215 46.5606
1248090616341 41.4035
1248090624066 35.9871
1248090630116 41.6529
1248090635156 94.5236
