1248089570624 94.6721
1248089601188 96.6273
1248089855040 95.981
1248089950687 97.4936
1248089961905 98.5903
1248089971256 98.5793
1248089984361 98.0407
1248090080410 96.9816
1248090085716 93.1021
1248090098409 90.3648
1248090104071 94.3296
1248090115785 87.8661
1248090129190 90.2104
1248090193232 89.9631
1248090215264 70.8421
1248090223380 77.7764
1248090230823 30.0994
1248090237972 37.3531
1248090248102 36.0316
1248090256218 37.9497
1248090272050 29.1182
1248090380796 41.1977
1248090398058 44.8963
1248090416883 23.7526
1248090435469 29.3373
1248090455657 34.098
1248090461476 47.259
1248090488567 28.2023
1248090496731 38.7812
1248090504002 39.4719
1248090510846 36.2414
1248090538724 31.0998
1248090591197 33.9896
1248090599221 53.5831
1248090604297 38.674
1248090609348 52.2262
1248090616857 37.6546
1248090621985 39.2829
1248090627192 29.1322
1248090632974 40.1866
1248090638031 72.5673
