1248089554134 97.7338
1248089571750 99.7822
1248089597838 99.846
1248089605222 98.6815
1248089634477 96.3331
1248089642059 97.2644
1248089666856 97.9679
1248089674758 99.1516
1248089719793 98.1353
1248089737244 97.2046
1248089748906 99.4096
1248089754475 98.8675
1248089802496 97.6318
1248089813684 99.7105
1248089828427 99.3688
1248089851723 98.4208
1248089861843 98.1091
1248089870607 88.9777
1248089883870 93.8974
1248089923152 98.1556
1248089928586 98.267
1248089939444 97.7839
1248089951874 98.0597
1248089957410 98.1562
1248089972712 99.0712
1248089986184 99.4943
1248090064327 95.8804
1248090117053 96.0637
1248090139883 97.7427
1248090162719 98.7947
1248090171597 98.1166
1248090180020 98.764
1248090188840 89.5522
1248090222186 56.5336
1248090382458 41.5546
1248090392393 45.903
1248090489282 24.1216
1248090506588 30.6252
1248090511748 20.3528
1248090530114 44.8753
1248090537498 69.8903
1248090542733 55.7784
1248090551493 28.7737
1248090556761 27.5299
1248090572354 33.6711
1248090596053 33.4627
1248090605764 36.1483
1248090613797 36.6036
1248090620760 43.8093
1248090634299 39.5155
1248090639401 55.9616
