1248089601102 96.476
1248089816642 97.6395
1248089855035 97.76
1248089901027 97.5817
1248089950788 98.3686
1248089961896 98.9189
1248089970063 98.1618
1248089975999 97.9878
1248089984366 98.1683
1248090034850 99.1768
1248090080376 92.5462
1248090129158 90.6929
1248090154486 88.147
1248090191218 88.3123
1248090198016 89.141
1248090206719 73.0137
1248090215365 82.5815
1248090223293 81.2311
1248090230696 30.7983
1248090235700 42.1663
1248090241717 36.0705
1248090248086 25.5346
1248090253390 11.1538
1248090267344 9.53337
1248090379208 15.5134
1248090398389 19.6089
1248090411950 40.6342
1248090420150 54.031
1248090429061 31.2009
1248090436993 38.5828
1248090455656 34.563
1248090461476 45.4382
1248090487390 28.0135
1248090494631 46.9143
1248090502574 38.0353
1248090529329 31.4048
1248090540128 37.8774
1248090559967 34.933
1248090591938 28.0888
1248090599221 41.8841
1248090604297 40.5263
1248090609348 33.572
1248090615413 26.5663
1248090621984 36.5297
1248090628880 42.9297
1248090634755 61.2798
