1248089601091 96.6919
1248089834283 95.5886
1248089855034 98.2879
1248089950695 97.847
1248089961896 98.5702
1248089971656 98.6768
1248089982948 97.9523
1248090080277 95.7819
1248090085603 90.3965
1248090129156 87.2593
1248090191222 89.6888
1248090198164 93.0702
1248090210737 66.5765
1248090223343 75.0525
1248090237599 35.0754
1248090244550 41.289
1248090249896 56.3143
1248090269593 35.6399
1248090380796 39.6219
1248090398215 38.466
1248090422046 45.5728
1248090436993 33.7214
1248090451161 35.7168
1248090459501 36.8106
1248090464633 33.2702
1248090488567 28.9141
1248090494631 39.248
1248090504002 32.1695
1248090518698 30.9629
1248090536372 39.9457
1248090593081 34.7041
1248090598814 51.1165
1248090603985 36.3507
1248090610793 51.9159
1248090620492 30.8311
1248090628880 37.0768
1248090634744 55.0767
1248090639823 71.475
