1248089904977 46.2248
1248089975526 32.1569
1248090093593 41.6137
1248090112359 97.9566
1248090162831 96.3748
1248090171234 95.7206
1248090199229 98.4111
1248090213919 97.8735
1248090221152 98.7261
1248090226841 93.0519
1248090233025 78.6917
1248090239059 72.6609
1248090257953 66.0033
1248090265941 65.857
1248090302525 45.4583
1248090335020 49.2383
1248090354124 41.4595
1248090494354 35.6201
1248090509115 38.4798
1248090546825 43.861
1248090623004 31.5056
1248090631828 33.9982
1248090637270 56.2293
1248090642339 35.0963
