1248089690571 98.2087
1248089699670 99.0971
1248089749860 96.102
1248089796325 95.6432
1248089832820 97.3611
1248089848152 96.8562
1248089865255 96.3813
1248089873547 96.9573
1248089883885 99.3935
1248089889836 99.6801
1248089895740 99.1343
1248089904103 96.4461
1248089931668 97.4627
1248089945555 94.205
1248089972162 96.1907
1248089987092 98.6163
1248089992872 52.6316
1248089998209 76.7643
1248090028111 46.4004
1248090045275 34.8404
1248090066086 71.5981
1248090080372 96.9427
1248090087010 97.3879
1248090098357 96.615
1248090106184 90.9788
1248090119779 86.0611
1248090128968 53.4393
1248090137345 34.6912
1248090164366 37.8064
1248090172121 53.7787
1248090205632 51.0971
1248090252205 36.7897
1248090265011 86.3202
1248090282091 41.8925
1248090296237 36.2647
1248090329053 35.8606
1248090343098 23.8519
1248090353854 50.4835
1248090360993 24.1117
1248090471128 54.4514
1248090485670 52.4687
1248090493720 39.6273
1248090499415 46.5402
1248090511630 41.7519
1248090543546 33.5579
1248090553512 31.3096
1248090561764 36.238
1248090567085 36.23
1248090574198 31.4371
1248090585880 27.2979
1248090592407 25.005
1248090600987 37.7666
1248090609586 38.2692
1248090618421 35.9932
1248090623892 35.2564
1248090633217 36.1328
1248090639659 46.2589
