1248089826227 89.9702
1248089878947 47.9144
1248089994021 38.8536
1248090058297 46.7692
1248090122836 47.135
1248090165835 49.6093
1248090171919 31.8869
1248090212307 33.9952
1248090226600 37.1537
1248090272449 22.1602
1248090330055 24.5478
1248090338693 34.383
1248090371001 24.2989
1248090381862 26.5193
1248090496354 30.5002
1248090512989 29.7565
1248090555694 25.9935
1248090574825 30.7893
1248090585156 26.9119
1248090603254 32.7697
1248090610881 30.9468
1248090622840 40.8931
1248090634039 31.2556
