1248089696204 94.1428
1248089826023 83.2679
1248089886941 38.8726
1248089994021 27.7741
1248090002786 31.8348
1248090058297 28.5184
1248090116314 18.9193
1248090121642 18.2091
1248090164378 21.788
1248090173877 14.4226
1248090189713 52.2859
1248090212307 47.2734
1248090326053 32.3704
1248090336029 38.5965
1248090343216 32.285
1248090377784 28.0153
1248090441595 35.3869
1248090487547 27.1388
1248090499286 20.6168
1248090545309 29.0731
1248090559136 31.2455
1248090569724 26.6339
1248090576956 41.0732
1248090588099 27.7329
1248090597166 30.9983
1248090609113 32.0636
1248090625163 35.3293
1248090632127 43.5157
1248090637174 51.2361
1248090642226 81.7439
