1248095531943 90.3895
1248095746533 98.0801
1248095773649 92.2334
1248095781674 95.3271
1248095803169 90.8583
1248095831287 91.4361
1248095837440 85.6493
1248095857494 91.1539
1248095869413 88.0107
1248095876925 92.5186
1248095891304 92.496
1248095899370 95.2145
1248095906603 88.3451
1248095916451 90.3737
1248095937989 90.5841
1248095947140 89.0613
1248095953017 87.4596
1248095963585 91.7865
1248095975157 92.4646
1248095991881 95.9699
1248096001118 94.0782
1248096010629 93.9964
1248096021687 61.1322
1248096037981 57.199
1248096114874 59.7063
1248096121852 54.1702
1248096150121 49.6657
1248096158177 38.6048
1248096172280 40.4878
1248096178827 10.2337
1248096213987 55.9443
1248096222523 46.3918
1248096240210 52.5245
1248096245540 57.7861
1248096266481 52.1465
1248096271528 55.2804
1248096278998 57.162
1248096287883 61.2268
1248096294386 65.5082
1248096309954 48.3684
1248096317078 51.3756
1248096323027 44.2091
1248096329102 65.1852
1248096334367 37.037
1248096339519 0.194099
