1248095746285 94.8034
1248095802943 95.8558
1248095842487 99.4588
1248095883528 94.2959
1248095891988 95.2719
1248095908085 95.0488
1248095915653 96.0624
1248095945482 96.1816
1248095950990 96.9499
1248095961851 69.4227
1248095974190 66.2128
1248095980309 62.1017
1248095992699 67.3931
1248096037311 61.5978
1248096042490 27.8046
1248096056677 44.1249
1248096082748 50.209
1248096096977 53.5526
1248096110386 53.0987
1248096146239 50.8465
1248096158754 53.6956
1248096170981 53.0793
1248096176066 26.942
1248096183114 18.5868
1248096195628 49.5445
1248096223506 54.0211
1248096242635 46.0557
1248096260578 54.6174
1248096291322 48.6599
1248096302779 37.2698
1248096319636 50.4835
1248096324648 55.6664
1248096332766 32.8899
1248096337819 0
1248096342915 0
