1248095631991 79.795
1248095684530 68.2921
1248095871737 65.1952
1248095896759 61.9055
1248095933546 61.4347
1248095954078 63.0236
1248095965437 60.8328
1248095976730 60.3028
1248095996755 61.4232
1248096010648 59.9583
1248096033170 57.5881
1248096041830 51.2702
1248096048663 58.8321
1248096065798 52.2323
1248096076536 55.7832
1248096089974 47.1052
1248096097611 47.7936
1248096111729 51.6362
1248096140123 55.0116
1248096198871 52.155
1248096209544 52.0941
1248096261380 50.409
1248096269120 37.8553
1248096276772 52.2739
1248096286469 53.5217
1248096291533 52.7251
1248096301138 36.0229
1248096308726 57.3274
1248096314347 0
1248096325836 49.6997
1248096331346 56.6243
1248096337197 40.1641
1248096342220 0.199084
