1248095517575 80.3614
1248095822032 80.5828
1248095841951 99.0512
1248095858250 96.2636
1248095907988 96.0232
1248095929118 94.5102
1248095938735 95.8719
1248095944047 92.8087
1248095958597 95.8763
1248095973058 95.3599
1248095980105 92.3797
1248095989114 87.4681
1248096000766 85.9938
1248096006341 76.5919
1248096019120 81.7748
1248096059538 56.8559
1248096087319 51.978
1248096137617 53.9385
1248096144394 47.3661
1248096152326 56.6062
1248096164835 50.044
1248096173943 50.3953
1248096188268 58.8482
1248096216331 52.3109
1248096226096 50.8961
1248096236001 48.6623
1248096243566 53.6682
1248096252959 44.9271
1248096270739 48.0315
1248096276109 59.4041
1248096283073 43.9403
1248096293015 55.7232
1248096301635 59.2807
1248096309493 46.5767
1248096316007 35.4621
1248096324472 49.0254
1248096329780 61.4167
1248096334852 31.5457
1248096339887 0.19861
