1248095518696 84.4913
1248095608002 98.8623
1248095631014 99.1657
1248095667249 99.5446
1248095683226 99.7684
1248095707249 99.2382
1248095762546 98.8842
1248095777975 99.2287
1248095797881 99.6182
1248095806110 99.5261
1248095835644 96.4312
1248095842214 90.7154
1248095854648 99.4853
1248095876707 99.0979
1248095888108 97.9739
1248095902420 88.2476
1248095919985 79.9886
1248095929565 86.5344
1248095958578 83.6177
1248095967734 78.4185
1248095990313 79.9415
1248095999528 55.8871
1248096008064 60.6842
1248096027923 61.282
1248096036266 56.5744
1248096071755 56.5809
1248096143380 56.4607
1248096155102 48.7118
1248096168917 53.3478
1248096184459 51.1517
1248096210870 45.89
1248096249172 51.1723
1248096272980 48.4711
1248096278081 55.4793
1248096284341 0.159744
1248096290304 0
1248096295368 0
1248096303870 47.283
1248096312583 44.4164
1248096323266 51.1092
1248096329748 46.5906
1248096336384 43.701
1248096341443 0
