1248095790102 98.4203
1248095883437 99.3411
1248095891858 99.6319
1248095900438 99.4172
1248095915260 99.042
1248095931535 92.9647
1248095953848 96.3564
1248095960644 97.8517
1248095975792 97.0425
1248095982220 92.8749
1248095992683 89.4581
1248095999815 87.6332
1248096007321 44.8974
1248096020991 61.9605
1248096031210 68.3041
1248096050126 67.1918
1248096078154 73.2482
1248096087533 88.2823
1248096097267 72.5293
1248096143365 56.51
1248096219699 51.576
1248096254530 45.649
1248096287780 53.8346
1248096317630 53.8358
1248096322664 52.8407
1248096327676 59.6568
1248096334817 48.3126
1248096340114 52.4825
