1248095518349 84.5598
1248095523414 99.5064
1248095529069 97.7896
1248095546560 97.5359
1248095556542 99.2787
1248095579340 99.3508
1248095609963 99.1738
1248095620490 99.2685
1248095630894 98.1353
1248095650434 96.7247
1248095769530 99.0797
1248095792155 99.6685
1248095824249 99.7383
1248095829497 99.8476
1248095842971 98.8571
1248095858252 98.8155
1248095869408 98.6016
1248095902592 96.884
1248095909026 97.9173
1248095918593 98.3589
1248095942502 97.3274
1248095950446 90.6344
1248095955541 91.2659
1248095965817 97.5088
1248095971391 97.4166
1248095997429 74.0456
1248096016215 65.5275
1248096033635 60.4478
1248096054565 83.7554
1248096076871 50.7487
1248096083575 55.7876
1248096113903 54.603
1248096180461 52.6759
1248096185462 52.5895
1248096202074 53.0941
1248096210969 57.1107
1248096218752 53.8353
1248096238330 56.3898
1248096246143 38.7815
1248096298931 51.3564
1248096310216 49.0917
1248096316739 45.0713
1248096322000 39.7263
1248096329951 43.3908
1248096334957 44.7463
1248096340052 0.196271
