1248095879998 92.4774
1248095907983 96.1587
1248095925330 93.6761
1248095932201 96.7836
1248095939281 95.6215
1248095955129 97.4255
1248095967368 99.0277
1248095983961 99.0779
1248095993637 98.4911
1248096005567 84.0738
1248096012229 92.0144
1248096026325 97.2616
1248096032342 83.0979
1248096042250 59.5478
1248096068797 60.1575
1248096075587 51.5464
1248096088390 70.0617
1248096117449 66.8984
1248096122691 81.0759
1248096139974 51.38
1248096154063 49.1873
1248096186568 52.3612
1248096210440 51.3991
1248096227054 45.6844
1248096284738 53.169
1248096297056 45.949
1248096309916 52.4883
1248096314952 12.3114
1248096323484 34.3413
1248096329082 45.9093
1248096336229 62.6836
1248096341246 26.3105
