1248095650001 96.1577
1248095699013 99.445
1248095749194 99.44
1248095762526 92.3342
1248095769125 99.5605
1248095782859 99.3156
1248095854400 99.1459
1248095859612 99.5779
1248095874253 97.3294
1248095896419 98.1233
1248095915965 99.6112
1248095926680 99.4867
1248095942868 97.912
1248095948099 86.2168
1248095955232 97.5747
1248095967966 89.4456
1248095986148 88.8241
1248095993215 88.2977
1248096005712 89.5415
1248096019026 85.7744
1248096025022 80.7205
1248096030114 15.9073
1248096161642 54.4143
1248096189228 55.0279
1248096199747 54.1877
1248096221677 49.7036
1248096230191 47.9211
1248096236291 47.2131
1248096255737 54.6642
1248096262417 47.7545
1248096268257 46.2329
1248096285515 55.6264
1248096292565 48.5106
1248096306488 50.9229
1248096318029 55.8877
1248096327821 44.0155
1248096333056 48.7106
1248096338116 0
1248096343211 0
