1248095659296 97.3011
1248095716430 98.5928
1248095800204 99.4342
1248095805761 87.0974
1248095861585 98.9539
1248095889111 99.5423
1248095899662 98.1897
1248095931370 99.5648
1248095941442 99.2851
1248095947239 99.5342
1248095952319 97.4409
1248095966130 92.6797
1248095989251 97.6169
1248095996009 99.5857
1248096006620 68.5138
1248096024140 68.379
1248096066808 62.1543
1248096078714 56.0222
1248096111300 54.6861
1248096157012 51.562
1248096173244 59.204
1248096178876 51.1364
1248096229368 54.8602
1248096241370 56.074
1248096247204 49.023
1248096274376 50.9348
1248096281906 46.2151
1248096286936 34.3936
1248096295378 47.3821
1248096300571 50.4525
1248096307171 44.697
1248096312766 58.6238
1248096322229 41.2131
1248096328009 51.2111
1248096333020 41.3091
1248096338056 0
