1248095749321 96.7271
1248095824095 99.0986
1248095835684 99.5772
1248095861071 99.3816
1248095887493 99.4626
1248095900160 98.6027
1248095930353 98.599
1248095959113 98.4006
1248095964206 80.699
1248095999418 81.2791
1248096005993 66.1597
1248096011459 77.3875
1248096017628 84.2924
1248096024356 79.2212
1248096029681 61.2207
1248096035132 46.0466
1248096085917 51.4522
1248096103640 50.7815
1248096124196 54.6313
1248096149460 50.2296
1248096179096 57.1602
1248096205664 56.5718
1248096242285 49.1248
1248096267465 48.2129
1248096274625 54.3296
1248096281973 47.3598
1248096290119 50.0859
1248096302295 44.021
1248096308968 54.2485
1248096317227 37.1716
1248096323414 56.247
1248096329677 56.6821
1248096335578 49.3137
1248096340595 26.1112
