1248095532160 91.839
1248095574056 99.5083
1248095674641 99.2196
1248095759015 99.5212
1248095792435 99.3417
1248095861833 98.5331
1248095881649 92.9552
1248095889071 98.3562
1248095896402 96.0306
1248095901727 99.3427
1248095915857 99.6461
1248095931272 98.216
1248095937527 92.7258
1248095943646 97.565
1248095963020 97.9663
1248095974192 99.8031
1248095984393 98.5198
1248095989589 93.5335
1248096004806 95.6825
1248096020439 65.2466
1248096033550 61.4751
1248096060796 58.137
1248096092071 79.0727
1248096112809 48.6546
1248096121228 54.1632
1248096137745 54.4288
1248096165080 50.9969
1248096190686 47.1374
1248096222334 47.3016
1248096243593 56.2585
1248096252063 52.1842
1248096275032 50.2416
1248096287094 49.9088
1248096292619 13.9367
1248096298945 54.0626
1248096313178 55.7156
1248096322767 56.106
1248096327846 0
1248096332866 53.5857
1248096338027 48.4402
1248096343065 23.2235
