1248095568100 94.2814
1248095704695 99.0885
1248095728002 99.498
1248095769602 99.5673
1248095782119 99.4647
1248095805862 98.9765
1248095816621 93.5031
1248095837435 99.5964
1248095845280 99.5539
1248095854855 99.7389
1248095863439 99.7204
1248095870086 96.1336
1248095907000 99.3661
1248095922113 99.7155
1248095928868 99.6299
1248095934506 97.375
1248095941502 93.482
1248095954027 94.2914
1248095963558 97.5763
1248095969860 93.9384
1248095984551 92.7779
1248096000260 82.0549
1248096016063 84.3511
1248096023217 90.4389
1248096028973 54.378
1248096069083 64.2483
1248096129663 54.0773
1248096145848 55.2981
1248096189060 48.667
1248096195451 44.7504
1248096216316 50.5631
1248096226145 51.0734
1248096243195 57.4194
1248096254303 52.4847
1248096260744 33.6904
1248096268242 62.55
1248096313967 51.263
1248096324927 55.292
1248096330806 45.0757
1248096335818 26.9354
1248096340882 0
