1248095616686 97.2347
1248095753964 98.8869
1248095823613 99.5276
1248095845385 99.7612
1248095858934 99.4169
1248095895549 98.73
1248095904788 97.7379
1248095920239 98.1166
1248095931483 98.4525
1248095939613 68.3887
1248095963498 65.1874
1248095986249 65.7114
1248095999168 63.6272
1248096006622 57.6871
1248096011966 63.4356
1248096018787 63.1872
1248096027522 65.5982
1248096037093 63.6297
1248096042135 55.9302
1248096051199 62.4448
1248096069606 56.9892
1248096086095 50.8824
1248096095326 58.6069
1248096137480 52.9724
1248096166331 52.3725
1248096175168 55.9013
1248096187044 52.964
1248096205670 53.0978
1248096216107 38.1336
1248096224595 58.5533
1248096236575 55.3422
1248096241708 21.0403
1248096252829 45.7693
1248096259900 52.8921
1248096268950 58.7845
1248096277686 32.0513
1248096290264 50.803
1248096307092 47.7775
1248096312900 44.5937
1248096318741 22.2565
1248096325567 40.1406
1248096330676 54.8052
1248096335726 59.802
1248096340814 0
