1248095546111 90.7827
1248095585728 99.6794
1248095617951 99.4942
1248095696876 98.7393
1248095746995 99.4633
1248095772821 99.1636
1248095803049 97.327
1248095852480 98.8044
1248095868658 98.2198
1248095891997 99.6187
1248095898643 96.2985
1248095907225 95.6653
1248095925875 99.571
1248095931693 99.175
1248095941931 98.5544
1248095963447 99.5538
1248095981098 99.5978
1248095987574 99.7529
1248095993605 95.5065
1248096000284 56.4456
1248096033741 58.1642
1248096053922 55.0022
1248096083815 56.3343
1248096101874 59.3056
1248096131607 56.9737
1248096181634 53.4911
1248096189847 48.4598
1248096225022 55.1528
1248096255737 52.1244
1248096264420 46.4125
1248096280742 53.3023
1248096287381 60.4007
1248096293578 62.4496
1248096312052 55.4834
1248096317418 53.8576
1248096325465 59.8981
1248096331021 46.7963
1248096336113 0
1248096341205 12.176
