1248095880981 98.2561
1248095924706 96.6953
1248095931042 93.4343
1248095943053 89.8343
1248095948226 93.1761
1248095985443 94.3386
1248095997928 89.6276
1248096007075 83.306
1248096020453 83.7943
1248096025723 70.778
1248096034773 55.6906
1248096077953 55.5118
1248096090729 60.5823
1248096105894 55.3907
1248096111739 52.5235
1248096141899 47.1154
1248096165272 54.8924
1248096177459 52.9252
1248096211373 54.8151
1248096268210 54.6299
1248096274628 58.1178
1248096297723 61.9615
1248096304677 51.9126
1248096313833 48.3836
1248096322985 55.7255
1248096329011 50.2821
1248096334028 32.8882
1248096339409 58.1676
