1248095746733 97.8339
1248095764901 99.5707
1248095792421 99.6003
1248095851596 99.5015
1248095891885 99.655
1248095922406 99.3414
1248095943548 99.4229
1248095958016 93.5167
1248095967400 94.7357
1248095986367 94.0054
1248095992774 93.6476
1248096016432 57.9085
1248096025745 65.9293
1248096032237 61.4603
1248096040747 62.9847
1248096089157 60.0909
1248096095890 52.5769
1248096114815 52.7345
1248096141077 55.0986
1248096172964 55.9476
1248096186115 56.3455
1248096199188 55.6873
1248096212688 55.2593
1248096226337 56.4877
1248096244304 54.3218
1248096255051 52.4798
1248096260155 48.1975
1248096270549 59.0725
1248096275587 28.7813
1248096287130 50.5934
1248096297561 55.8911
1248096302576 45.8624
1248096307648 0.197161
1248096313807 55.8532
1248096321797 51.3141
1248096329000 42.3435
1248096336490 54.7397
1248096341569 0
