1248095531809 90.5982
1248095630800 98.8777
1248095810161 99.3917
1248095866654 98.0829
1248095879864 91.3702
1248095901514 98.3834
1248095911650 99.5462
1248095929254 98.8412
1248095954686 96.3746
1248095966167 99.4687
1248095972946 99.7197
1248095981093 99.5458
1248095986190 93.1921
1248095991528 96.2907
1248095997341 99.4323
1248096005238 99.5315
1248096016854 63.1026
1248096029308 62.3093
1248096065087 58.5539
1248096072608 60.4973
1248096083831 52.7488
1248096098438 57.1644
1248096103966 52.822
1248096110851 60.1307
1248096133014 51.4822
1248096154774 56.8015
1248096182622 53.6125
1248096192004 55.8516
1248096216129 55.5855
1248096250894 55.3718
1248096263768 54.0625
1248096275545 48.9938
1248096287484 51.0931
1248096294651 52.6022
1248096305801 46.9058
1248096322811 49.853
1248096328671 46.2457
1248096334491 47.079
1248096339534 17.2516
