1248095802155 98.3284
1248095815622 99.7995
1248095823717 97.9617
1248095831663 76.3906
1248095854452 76.3965
1248095869964 80.3894
1248095877648 73.6596
1248095883813 78.8321
1248095903918 98.9804
1248095919993 94.1835
1248095929097 98.4183
1248095935057 78.1879
1248095941877 97.0674
1248095995821 95.766
1248096017770 92.0771
1248096023253 87.1786
1248096048005 81.65
1248096079516 79.0518
1248096095601 42.8971
1248096117567 49.4856
1248096145916 53.5821
1248096205771 49.8037
1248096221970 53.2132
1248096241196 50.3485
1248096251074 53.2496
1248096262827 52.5823
1248096276828 43.9969
1248096291955 47.8614
1248096299653 47.6747
1248096316915 48.0246
1248096322978 42.8831
1248096328635 43.3092
1248096333702 42.6288
1248096339894 39.0827
