1248095568106 94.6165
1248095598268 99.7613
1248095674537 99.3064
1248095689762 99.8358
1248095701608 98.7675
1248095725030 97.259
1248095746262 99.1428
1248095769227 97.2349
1248095781730 96.9367
1248095861840 99.5257
1248095873739 98.7478
1248095882055 85.0168
1248095911394 99.4921
1248095919204 98.4635
1248095927606 72.9588
1248095964412 61.8649
1248096010106 59.3295
1248096018465 57.6624
1248096041955 58.9613
1248096047860 54.3607
1248096067242 57.9404
1248096076662 77.707
1248096112732 79.623
1248096119668 83.91
1248096141776 50.0724
1248096169123 52.6932
1248096181781 51.7459
1248096195151 47.4196
1248096202372 55.5325
1248096216954 54.1078
1248096221994 24.2063
1248096238847 46.8759
1248096253817 44.155
1248096261736 54.2998
1248096269806 49.5663
1248096276177 44.734
1248096292916 51.4965
1248096303745 53.8369
1248096308752 34.1522
1248096315441 21.2289
1248096320864 35.958
1248096326243 38.8548
1248096333798 52.4156
1248096339760 41.7645
