1248095683654 97.9823
1248095702125 99.778
1248095769127 99.803
1248095782299 99.6811
1248095791477 99.9128
1248095823832 99.7682
1248095838307 99.8273
1248095870768 99.4424
1248095895701 98.9051
1248095902982 98.7502
1248095911491 98.1314
1248095918138 96.4345
1248095931169 98.7645
1248095943687 99.6166
1248095953751 98.2711
1248095960734 98.3818
1248095973535 90.4617
1248095988582 98.4249
1248095993698 92.6505
1248096000724 87.959
1248096005919 92.7815
1248096016230 65.3671
1248096079884 59.2107
1248096099748 57.642
1248096137399 49.0558
1248096171441 54.2565
1248096183378 52.442
1248096188591 50.6426
1248096199547 47.0975
1248096219025 39.0697
1248096256880 52.3841
1248096265338 53.0858
1248096270822 37.9285
1248096278125 56.4152
1248096285256 56.654
1248096292102 38.8548
1248096297440 50.9554
1248096305456 50.025
1248096314089 35.0979
1248096323787 52.1757
1248096330583 53.7081
1248096337609 37.1477
1248096342613 0
