1248095518797 83.1496
1248095530528 97.6046
1248095625016 99.3989
1248095671782 98.8966
1248095704698 98.7058
1248095792153 99.1367
1248095816755 98.8131
1248095873645 99.7012
1248095883975 98.6447
1248095891879 95.3947
1248095905045 98.6632
1248095913659 99.4892
1248095925403 99.1996
1248095947577 94.6604
1248095953876 95.5707
1248095964828 97.7904
1248095985304 92.8892
1248095992975 92.426
1248095998370 84.5227
1248096007508 74.1957
1248096019185 82.7267
1248096026164 71.6435
1248096031682 60.348
1248096053021 60.2184
1248096061912 63.0975
1248096075489 57.892
1248096083832 52.8587
1248096111818 56.9928
1248096216652 52.1205
1248096254701 55.6125
1248096275212 49.3881
1248096287446 45.5289
1248096292543 48.2637
1248096303648 55.2004
1248096309784 55.0847
1248096317191 42.2573
1248096323104 54.9636
1248096328282 55.6199
1248096333607 61.2207
1248096338702 0
