1248095731473 97.7678
1248095749441 96.004
1248095822358 96.8361
1248095861973 99.2806
1248095911409 99.4215
1248095938590 99.2237
1248095953207 98.8575
1248095960739 99.3096
1248095965800 68.7611
1248096003192 63.4895
1248096041167 61.4615
1248096230371 54.1849
1248096262208 53.3656
1248096267250 50.1785
1248096279510 57.5041
1248096289080 54.6499
1248096294793 47.6107
1248096299830 27.9929
1248096310258 49.3863
1248096318277 57.6132
1248096323623 53.1238
1248096332780 50.0164
1248096337925 36.9291
1248096343012 0
