1248095611538 96.5592
1248095746255 99.3193
1248095869310 97.111
1248095889081 98.2753
1248095900056 94.8519
1248095908013 99.4093
1248095913695 99.2608
1248095922006 99.5067
1248095932009 95.2714
1248095943780 95.9137
1248095949749 91.6401
1248095965536 88.9339
1248095975622 88.3403
1248095982112 92.7581
1248095993797 78.0488
1248096005785 79.0791
1248096012549 62.6848
1248096063093 54.9422
1248096107575 53.1451
1248096120838 53.2308
1248096147797 56.6787
1248096171165 73.9045
1248096186807 59.5832
1248096197361 53.629
1248096231855 49.226
1248096239396 51.9825
1248096253613 52.7537
1248096264241 46.2928
1248096270294 44.9364
1248096286957 53.9519
1248096296290 54.1091
1248096303610 39.6175
1248096310473 41.9642
1248096318946 60.5453
1248096326174 55.8937
1248096334195 52.4872
1248096339219 46.9745
1248096344319 0
