1248095683798 87.4484
1248095782195 74.7889
1248095803423 73.6763
1248095816741 74.786
1248095883942 74.7013
1248095899160 77.5398
1248095921851 76.2417
1248095927254 72.7374
1248095938990 95.5181
1248095950807 97.5713
1248095960639 97.5386
1248095967971 93.4261
1248095984626 98.8892
1248096006269 88.6199
1248096029049 93.1958
1248096048349 89.7409
1248096062888 53.3737
1248096069683 64.1648
1248096108204 57.0598
1248096125167 63.2553
1248096138555 53.8542
1248096144568 54.2159
1248096152473 51.4864
1248096162118 49.1446
1248096197449 49.107
1248096203667 46.3171
1248096221837 51.8437
1248096243260 41.124
1248096259741 57.2174
1248096274369 50.2461
1248096294375 50.6848
1248096302218 50.2359
1248096308015 54.3385
1248096328334 51.1344
1248096334866 49.4489
1248096339970 29.1928
