1248095517678 81.0619
1248095630823 99.0676
1248095671621 99.196
1248095749100 98.7752
1248095755585 98.6893
1248095807806 98.9832
1248095821916 98.5826
1248095829391 98.3278
1248095837551 95.3431
1248095848928 98.3563
1248095854030 97.6088
1248095861077 99.7588
1248095869521 99.4789
1248095875444 98.7675
1248095888829 99.365
1248095895790 93.3774
1248095946839 97.0636
1248095959476 99.5489
1248095970585 84.256
1248095986716 92.8647
1248095993607 92.8748
1248096000399 93.6396
1248096005977 88.7415
1248096011294 24.2618
1248096027227 79.8343
1248096036286 93.167
1248096053838 57.7712
1248096140454 56.6408
1248096156285 58.6192
1248096221320 50.7112
1248096237894 52.7332
1248096252507 58.6464
1248096267155 44.9208
1248096276588 46.7508
1248096284418 42.401
1248096302475 49.7314
1248096310589 51.1462
1248096315747 63.0089
1248096321391 22.5018
1248096329485 45.96
1248096336214 57.8095
1248096341312 0
