1248095654137 97.3547
1248095696970 99.4794
1248095745919 98.1021
1248095753921 99.1002
1248095777969 98.2618
1248095805150 98.7454
1248095815815 99.4843
1248095883999 99.5541
1248095896357 99.5307
1248095903817 99.3298
1248095915635 96.7169
1248095926202 99.5552
1248095960738 99.6062
1248095976895 70.4958
1248095995060 65.3454
1248096002235 61.6028
1248096113168 56.2592
1248096119697 43.1919
1248096140140 46.7153
1248096149681 53.0343
1248096156853 49.6375
1248096213272 56.5767
1248096242283 47.6371
1248096252363 44.0476
1248096261229 58.651
1248096268574 53.7781
1248096283934 45.5729
1248096289151 48.1119
1248096297274 54.4134
1248096302914 59.2199
1248096311610 44.5032
1248096318437 44.6756
1248096325480 50.2627
1248096330860 47.5836
1248096336501 39.7093
1248096341537 40.1112
