1248095518450 88.8147
1248095562137 98.0612
1248095687302 94.5871
1248095704896 93.3841
1248095728011 95.0898
1248095746803 97.2754
1248095811116 96.8233
1248095816199 89.9075
1248095848846 95.9659
1248095861599 94.6444
1248095869191 98.2613
1248095883730 89.9649
1248095891702 84.6713
1248095900271 87.9916
1248095911401 76.9991
1248095920149 87.5629
1248095948249 84.9466
1248095972790 83.7782
1248095984458 78.1625
1248096001340 79.5522
1248096006757 79.9335
1248096011992 67.6218
1248096050119 53.9513
1248096092105 55.4709
1248096098427 53.4641
1248096124662 55.4603
1248096137889 52.9977
1248096160352 45.497
1248096173768 50.0894
1248096194450 50.4303
1248096201849 49.6013
1248096250077 54.9059
1248096263804 58.6435
1248096269637 61.7178
1248096279514 46.5728
1248096287574 52.1092
1248096295562 50.3255
1248096309061 34.8915
1248096314075 18.3486
1248096319457 45.7079
1248096329014 48.0276
1248096334161 26.2289
1248096339216 0
