1248095609735 96.2487
1248095663506 97.6921
1248095683337 99.5411
1248095746591 99.4404
1248095754618 99.5391
1248095761578 97.9885
1248095802309 99.0155
1248095883849 99.117
1248095911501 99.378
1248095926619 98.558
1248095931695 44.1292
1248095938659 97.645
1248095952667 96.1593
1248095958470 93.7446
1248095964282 95.32
1248095991484 86.1701
1248095997979 85.9122
1248096004791 87.0523
1248096011044 58.0521
1248096019339 82.4593
1248096028442 69.9769
1248096040755 54.0892
1248096055850 51.209
1248096090187 52.8876
1248096118784 53.7119
1248096143302 55.2655
1248096148354 0.197941
1248096161155 50.5429
1248096170898 53.5769
1248096186864 55.1171
1248096193678 55.3273
1248096214927 51.1553
1248096225783 48.913
1248096237232 43.3226
1248096258719 51.3799
1248096266340 56.1606
1248096288780 54.6791
1248096306857 53.7147
1248096312207 40
1248096323445 37.0173
1248096329898 46.0251
1248096335222 40.7588
1248096340306 0
