1248095683224 96.5692
1248095772723 92.191
1248095802047 90.6766
1248095810049 93.9765
1248095816918 87.349
1248095829285 85.4694
1248095896347 88.2169
1248095908155 93.8347
1248095922732 96.7963
1248095942826 92.9631
1248095955116 91.7819
1248095962552 94.2711
1248095975715 87.0622
1248095984453 87.0909
1248095999140 94.0968
1248096005332 91.2468
1248096073373 85.6395
1248096082600 76.4062
1248096093253 59.326
1248096101578 47.9279
1248096217029 50.411
1248096256537 51.8882
1248096270713 53.9644
1248096277793 43.3616
1248096283277 60.7221
1248096293105 32.6618
1248096311815 48.2095
1248096320653 48.4272
1248096327360 48.9041
1248096334498 35.1639
1248096339532 23.8379
