1248095610064 95.4034
1248095716692 99.186
1248095790869 98.1301
1248095800286 98.6514
1248095831295 98.3585
1248095860738 99.0388
1248095880857 99.2097
1248095886440 99.588
1248095896239 98.5815
1248095907146 99.019
1248095922730 98.306
1248095932401 77.9651
1248095939892 68.4822
1248095947973 65.2147
1248095954634 64.5549
1248095987993 65.3197
1248096012304 62.9345
1248096021157 59.5278
1248096028188 57.602
1248096068535 53.1886
1248096089409 40.0977
1248096097041 49.3973
1248096105484 53.5355
1248096114712 48.7646
1248096143438 51.8346
1248096170783 49.4057
1248096216041 51.1733
1248096226514 52.325
1248096237637 60.775
1248096272456 51.8395
1248096278213 52.979
1248096284113 58.6441
1248096290856 45.9736
1248096296958 57.1944
1248096307261 47.8501
1248096315022 55.6629
1248096323458 49.431
1248096331607 50.1902
1248096337252 48.7157
1248096342291 0
