1248095546536 88.7352
1248095862749 70.5316
1248095889335 61.5738
1248095931686 63.3987
1248095947538 67.3101
1248095952647 64.7876
1248095960279 62.8931
1248095982912 63.6239
1248095988077 59.4385
1248095993209 83.9829
1248096007050 89.0832
1248096012369 92.6866
1248096017415 5.1526
1248096052983 79.6221
1248096058667 65.095
1248096064490 57.187
1248096070694 63.6686
1248096076440 21.7543
1248096138836 54.1381
1248096185997 50.6563
1248096194974 51.2421
1248096203093 30.5456
1248096218479 50.4355
1248096244365 54.1606
1248096256684 48.4617
1248096271153 45.5456
1248096290312 50.9421
1248096296788 60.3768
1248096304798 51.3109
1248096313295 47.7816
1248096319305 54.0765
1248096324689 42.7192
1248096331487 56.9285
1248096336967 50.5474
1248096342003 0.19857
