1248095696977 97.5295
1248095728405 99.0518
1248095746854 98.5419
1248095759191 99.0516
1248095790197 98.7228
1248095801958 94.6348
1248095847613 98.6967
1248095861088 99.5918
1248095880758 99.6441
1248095926714 99.53
1248095958273 89.5466
1248095970477 92.101
1248095980937 94.4551
1248095986461 73.3164
1248095993646 95.4767
1248096000810 97.9899
1248096075394 60.2408
1248096083140 54.2215
1248096091169 33.379
1248096146928 56.0627
1248096168237 54.7656
1248096201508 49.5627
1248096206997 53.0151
1248096239854 55.8176
1248096258782 53.8884
1248096266658 57.3895
1248096287300 52.5627
1248096294399 55.5008
1248096306816 44.133
1248096316164 41.9341
1248096325282 52.8625
1248096330299 0.199322
1248096335374 34.8768
1248096340454 0
