1248095509261 76.3955
1248095517563 96.8441
1248095532105 97.5107
1248095703684 99.5926
1248095782188 99.3962
1248095824047 98.4018
1248095834750 99.4114
1248095858259 98.1752
1248095871684 98.9199
1248095881186 97.6636
1248095893188 98.067
1248095899381 97.6909
1248095952382 95.9605
1248095959323 97.8245
1248095966129 69.2036
1248095998006 66.9134
1248096006807 57.8343
1248096025850 57.869
1248096060443 54.2306
1248096081466 53.1323
1248096113927 54.3729
1248096125780 53.0667
1248096137022 49.4574
1248096142125 0.195963
1248096169232 51.1307
1248096186786 54.6884
1248096203381 49.5933
1248096209473 49.5732
1248096219765 41.0027
1248096237015 54.029
1248096243094 49.6792
1248096257413 45.045
1248096265334 57.6947
1248096279073 52.0416
1248096292616 54.8623
1248096301774 47.2811
1248096308459 57.1429
1248096321727 35.9512
1248096329015 53.2382
1248096334946 36.2502
1248096339987 28.169
