1248095609632 92.6284
1248095792657 99.1996
1248095799140 99.0282
1248095823730 98.78
1248095851667 98.6505
1248095881102 94.887
1248095899698 90.0194
1248095920684 90.9654
1248095926947 81.1113
1248095941274 88.1552
1248095954939 86.7911
1248095960635 82.514
1248095967145 90.7834
1248095989104 86.7526
1248095999728 86.7846
1248096007471 76.7145
1248096016193 71.3139
1248096028973 82.3944
1248096074982 81.8318
1248096082053 74.1055
1248096096995 48.7886
1248096141481 52.3985
1248096155181 44.2336
1248096160213 55.8426
1248096170468 48.6592
1248096201927 48.9844
1248096222426 49.2707
1248096237917 53.4504
1248096249983 52.13
1248096273734 50.4821
1248096285923 58.6594
1248096292621 65.3927
1248096298081 56.7766
1248096306929 50.7459
1248096318336 57.9469
1248096324941 33.7623
1248096331389 58.933
1248096336559 19.5358
1248096341583 0.199045
