1248095769245 98.0651
1248095783104 99.5021
1248095805865 99.732
1248095842324 95.5868
1248095861171 96.8324
1248095871786 93.9237
1248095887205 98.9039
1248095908166 97.7053
1248095920582 99.6295
1248095948249 95.4928
1248095963132 90.8419
1248095968292 90.5039
1248095975726 91.4716
1248095983563 89.0647
1248095989852 58.6739
1248096006061 74.218
1248096031091 67.0795
1248096054922 66.1323
1248096061525 83.9013
1248096100847 80.3621
1248096110688 62.5953
1248096122429 59.7053
1248096143013 50.8647
1248096165925 49.0573
1248096174376 53.1298
1248096188139 51.8056
1248096209799 50.7387
1248096221684 48.5486
1248096228046 46.0547
1248096233224 53.3024
1248096240577 50.9996
1248096245652 27.7833
1248096260148 55.3946
1248096274154 54.3339
1248096286535 48.0575
1248096312980 54.1879
1248096319518 61.4867
1248096329378 54.0568
1248096335177 47.2495
1248096340254 43.9236
