1248095724925 97.569
1248095748049 96.3934
1248095792061 98.2687
1248095815247 98.2489
1248095822242 96.3545
1248095835811 96.5436
1248095851772 96.7358
1248095870043 97.6958
1248095880853 91.6744
1248095891981 91.7505
1248095899411 90.5787
1248095913695 98.7118
1248095925338 98.0847
1248095931383 97.7667
1248095941889 98.6103
1248095948188 97.7933
1248095966165 98.1254
1248095983542 98.9239
1248096009714 71.6414
1248096015540 69.001
1248096052937 58.9887
1248096070464 60.0787
1248096100169 55.0412
1248096110730 49.9006
1248096119662 53.6274
1248096130461 60.839
1248096140078 54.6948
1248096161159 53.3656
1248096167965 43.638
1248096174266 59.197
1248096249618 54.2653
1248096269583 38.1167
1248096278467 50.5403
1248096289736 52.4448
1248096298890 50.142
1248096304660 53.0329
1248096315734 57.8833
1248096321496 51.8917
1248096326874 49.6467
1248096332965 40.7158
1248096338899 49.545
