1248095529169 87.2577
1248095546207 97.8988
1248095822157 98.844
1248095834266 99.4302
1248095843683 98.6514
1248095870665 99.622
1248095901650 99.2738
1248095914763 99.367
1248095925390 91.6533
1248095947022 99.1124
1248095953538 86.8631
1248095960839 95.4664
1248095967984 97.8307
1248095973331 97.6248
1248095981193 99.593
1248096011290 89.6435
1248096030294 80.2463
1248096037272 86.4144
1248096053280 80.6472
1248096072000 78.5256
1248096078076 56.6162
1248096092487 58.0806
1248096102618 48.2677
1248096113162 48.4636
1248096124914 52.2464
1248096142254 48.3276
1248096154378 50.066
1248096222532 52.3814
1248096234552 57.0715
1248096255200 54.0972
1248096276980 53.8108
1248096284627 48.5158
1248096291370 59.3208
1248096300648 41.8194
1248096306920 61.8622
1248096313777 56.8762
1248096322562 56.1184
1248096330251 53.583
1248096335545 52.7012
1248096340577 24.4436
