1248095596965 93.5037
1248095701777 91.4017
1248095707178 88.6873
1248095724932 92.2609
1248095738392 94.2793
1248095754346 88.003
1248095790465 96.9296
1248095800812 97.5162
1248095805919 99.6671
1248095815293 97.7171
1248095835685 91.8007
1248095855545 85.7503
1248095903905 96.8156
1248095918502 93.8549
1248095923884 99.5912
1248095935042 98.1359
1248095942517 93.913
1248095961374 89.0916
1248095967885 78.329
1248095987571 81.5808
1248096004691 89.3107
1248096018030 88.0876
1248096054719 52.6316
1248096080801 47.3507
1248096085907 48.7662
1248096116916 55.113
1248096221151 52.4872
1248096232005 52.0545
1248096238349 76.4502
1248096246004 70.4115
1248096252313 67.2056
1248096266692 74.9009
1248096283350 48.3852
1248096288409 0
1248096313112 59.4665
1248096320056 59.1878
1248096325192 55.6854
1248096331168 51.0375
1248096336216 45.1664
1248096341292 16.3515
