1248095683565 96.9355
1248095695702 99.6128
1248095805234 99.2861
1248095831514 98.2496
1248095845190 97.6894
1248095854503 97.9276
1248095861386 79.7617
1248095869303 98.2695
1248095896540 98.1753
1248095920118 98.6937
1248095926860 99.5254
1248095963502 99.5306
1248095993465 99.6229
1248096015251 96.1168
1248096021525 88.1415
1248096035573 94.3907
1248096040670 66.1173
1248096047066 61.9137
1248096067130 54.4757
1248096085537 58.4017
1248096105580 52.9861
1248096157323 51.9684
1248096170473 47.3004
1248096225731 51.8115
1248096250441 55.5241
1248096255986 58.431
1248096261342 51.9044
1248096267987 52.8217
1248096273738 52.3387
1248096279802 49.3074
1248096286577 57.2694
1248096298742 52.7744
1248096304328 50.1253
1248096309959 26.9934
1248096320358 52.6012
1248096326445 47.6425
1248096334396 49.0504
1248096339402 0
