1248095805349 93.1623
1248095884033 89.7006
1248095916217 90.4797
1248095942407 92.7453
1248095948661 98.8168
1248095963512 92.5864
1248095972995 91.6377
1248095991633 96.255
1248096002996 71.988
1248096012767 69.082
1248096019600 65.7105
1248096025541 62.4474
1248096044426 57.8766
1248096064602 58.8818
1248096083044 60.8936
1248096091879 55.5744
1248096099037 63.7049
1248096125168 54.7625
1248096141902 55.2767
1248096151317 57.1429
1248096182111 51.601
1248096203360 54.2143
1248096215621 50.5668
1248096238218 52.4848
1248096269920 49.9653
1248096292884 54.1282
1248096299431 44.6006
1248096307667 48.9315
1248096317833 29.215
1248096325814 38.3411
1248096332014 53.3871
1248096337084 18.9349
1248096342091 0
