1248095654533 93.5196
1248095677769 95.1541
1248095790695 76.5988
1248095797244 67.6439
1248095822886 71.6013
1248095875532 68.4003
1248095883725 93.2503
1248095891820 92.0321
1248095900035 88.3749
1248095920612 81.9361
1248095959575 83.4381
1248095964849 84.7554
1248095983014 83.8976
1248095988056 86.077
1248095997491 84.2607
1248096005861 66.1888
1248096012031 87.6823
1248096019388 64.1566
1248096051381 56.7937
1248096143438 53.6407
1248096163355 51.564
1248096175676 54.3787
1248096192773 51.0031
1248096206890 54.4733
1248096219618 52.5613
1248096255699 51.4952
1248096280640 50.9603
1248096288089 48.5971
1248096303611 50.8955
1248096311390 61.9617
1248096316887 46.9347
1248096328884 50.7627
1248096334826 53.6856
1248096339840 21.1408
