1248095609901 96.7213
1248095652070 98.8878
1248095663517 98.3664
1248095746912 99.6583
1248095754778 99.7966
1248095792334 99.6911
1248095806018 98.8746
1248095835896 98.5675
1248095852129 99.6735
1248095857591 97.7664
1248095900095 99.4965
1248095922688 97.8179
1248095932864 97.7791
1248095941261 96.1058
1248095952438 98.6848
1248095967986 98.212
1248095986535 99.035
1248095992860 96.4427
1248096014770 67.686
1248096060427 60.1003
1248096066474 46.8001
1248096077972 50.1826
1248096088280 82.1692
1248096143670 56.2376
1248096213276 52.5817
1248096220262 55.8259
1248096261716 55.1213
1248096269347 53.9903
1248096281604 47.2383
1248096289041 55.3987
1248096296946 50.8539
1248096308989 44.9224
1248096316526 62.4917
1248096330339 51.5456
1248096335685 26.1878
1248096340708 24.2883
