1248095747077 97.4042
1248095806669 99.3925
1248095868547 99.7285
1248095915984 99.7955
1248095923438 99.8122
1248095928878 99.6324
1248095943263 96.4199
1248095952239 99.7103
1248095965668 97.699
1248095984696 83.8238
1248095994251 88.6447
1248096015206 81.6512
1248096040199 77.8218
1248096107354 73.1442
1248096125453 39.6707
1248096167522 52.5803
1248096176094 52.7298
1248096197795 51.6566
1248096204358 59.2717
1248096210948 46.2822
1248096219724 47.402
1248096228524 45.3409
1248096237751 47.2526
1248096253248 52.7844
1248096287131 53.2125
1248096294755 43.022
1248096300989 57.427
1248096306590 55.1687
1248096315263 48.8874
1248096325417 55.5446
1248096331013 47.7127
1248096336373 16.2313
1248096341464 24.7496
