1248095650023 92.9627
1248095659078 95.196
1248095701425 93.1589
1248095801689 98.7593
1248095816930 99.2717
1248095822105 99.9034
1248095833131 98.6759
1248095883869 99.5309
1248095889782 99.611
1248095904973 97.8869
1248095932771 99.6115
1248095941452 99.6429
1248095954983 98.6623
1248095963422 99.5379
1248095985773 93.016
1248095992714 93.2142
1248095997824 72.9941
1248096018423 88.3538
1248096033323 89.6644
1248096039449 86.5165
1248096051196 56.4399
1248096109686 58.4886
1248096171028 50.1777
1248096221060 52.9061
1248096230657 48.3484
1248096262599 49.3394
1248096278537 48.8769
1248096292435 51.3743
1248096299476 42.3235
1248096308013 52.3603
1248096314574 48.4682
1248096319601 0
1248096326030 47.1302
1248096332177 43.4358
1248096337252 38.0296
1248096342312 0
