1248095556649 93.7599
1248095802402 99.3233
1248095815881 98.9688
1248095846936 99.3077
1248095888973 99.3648
1248095904876 98.9122
1248095948401 92.3837
1248095970496 94.8631
1248095982146 93.3906
1248095994545 90.1686
1248096011405 91.8743
1248096019525 89.532
1248096026211 90.7867
1248096036322 82.3855
1248096046969 75.1385
1248096053040 75.1112
1248096075549 84.2774
1248096082987 33.0734
1248096097788 56.28
1248096133430 51.4281
1248096148528 50.4703
1248096162746 52.4687
1248096188002 48.9785
1248096217353 53.1839
1248096232843 49.3221
1248096238717 54.8178
1248096248793 40.8892
1248096256581 38.6492
1248096278521 53.0082
1248096298715 56.5019
1248096306764 49.1987
1248096312212 50.6608
1248096331644 44.6686
1248096337300 48.6209
1248096342400 0
