1248095508389 73.9241
1248095516006 95.8383
1248095531847 98.7943
1248095687134 99.3
1248095703710 97.7317
1248095709294 98.4957
1248095731344 98.9116
1248095749205 99.4345
1248095792408 98.6274
1248095825257 96.6544
1248095836087 97.3223
1248095846924 96.5212
1248095887587 98.8368
1248095900478 99.6044
1248095916519 98.8716
1248095926682 97.3138
1248095943197 98.9404
1248095953739 99.5067
1248095961333 90.2028
1248095981018 98.7554
1248096051924 93.8143
1248096090773 85.9482
1248096098870 72.99
1248096146056 52.0705
1248096207216 49.346
1248096216621 48.5912
1248096221913 51.0204
1248096234258 47.6306
1248096285700 49.4926
1248096294681 28.8387
1248096314324 51.316
1248096320147 64.7433
1248096325166 38.2546
1248096330261 57.8999
1248096336967 43.0957
1248096342064 0
