1248095546222 92.3089
1248095585729 98.9192
1248095654239 98.4674
1248095687187 98.4278
1248095701669 99.2266
1248095790969 99.0482
1248095806987 99.2009
1248095825149 97.7866
1248095852386 99.6072
1248095859335 99.5827
1248095868646 98.2709
1248095876482 96.733
1248095886550 99.4239
1248095891860 99.6234
1248095903064 98.8933
1248095937994 99.3702
1248095966904 96.4372
1248095973634 98.8113
1248095981196 96.5353
1248095996022 76.4873
1248096013803 77.2173
1248096023885 81.2339
1248096032245 83.134
1248096077649 61.3602
1248096088103 63.1337
1248096110630 60.9935
1248096139408 52.5054
1248096190435 52.3056
1248096222938 57.5639
1248096235405 49.1698
1248096242239 48.8733
1248096252471 54.828
1248096264875 58.5295
1248096273878 28.1017
1248096281403 64.3189
1248096287744 49.0459
1248096293961 56.1364
1248096309681 56.6158
1248096319266 56.025
1248096334032 48.0157
1248096339114 26.5643
