1248095518448 84.783
1248095663603 96.7449
1248095709445 94.7166
1248095745918 94.5083
1248095777888 88.6143
1248095792449 89.5543
1248095802396 90.2785
1248095811054 81.7741
1248095835550 97.4037
1248095893216 91.7525
1248095911824 97.9686
1248095920290 97.4486
1248095932289 97.9248
1248095939245 96.176
1248095944882 98.9888
1248095952464 89.4223
1248095959780 67.1132
1248095974316 63.9791
1248095997652 58.9647
1248096009175 57.2768
1248096031671 53.0761
1248096055718 51.9815
1248096081643 49.2189
1248096087419 50.9003
1248096111292 52.6536
1248096116841 58.2087
1248096179801 54.7332
1248096193254 52.9993
1248096213694 49.8043
1248096226000 53.9574
1248096232847 41.478
1248096239838 59.5051
1248096245797 50.344
1248096260491 59.3439
1248096266560 47.9486
1248096278051 55.8698
1248096283163 59.4679
1248096290225 53.9507
1248096312670 53.1967
1248096319973 57.2368
1248096326903 20.7792
1248096331921 36.0701
1248096337561 26.5957
1248096342604 28.951
