1248095684578 96.5049
1248095713425 98.2078
1248095728097 98.7595
1248095746356 95.3502
1248095829980 95.0206
1248095863659 98.2214
1248095883220 95.5473
1248095888985 90.5464
1248095896322 92.272
1248095909152 99.4544
1248095915128 98.7282
1248095931387 99.3296
1248095948091 99.557
1248095953864 97.1765
1248095991678 97.054
1248096015488 90.9702
1248096041305 92.7296
1248096065515 82.3627
1248096074404 49.7244
1248096083621 62.4932
1248096097426 65.1938
1248096155047 52.4635
1248096168124 51.8468
1248096203301 51.2267
1248096262086 50.5741
1248096267527 54.5856
1248096277814 45.2027
1248096311548 50.3943
1248096318952 58.617
1248096327047 46.3249
1248096334880 55.2789
1248096339942 0
