1248095658432 96.7529
1248095794373 99.5064
1248095811153 98.9273
1248095822008 98.7563
1248095829400 84.145
1248095883236 99.3387
1248095906981 99.0103
1248095918815 96.7551
1248095931251 98.0219
1248095941429 99.2336
1248095948095 94.6595
1248095953737 99.2556
1248095959769 97.6459
1248095966177 99.407
1248095973040 98.0621
1248095982859 77.7065
1248095991170 84.5867
1248095999144 87.4091
1248096005800 85.3365
1248096033423 88.5132
1248096074703 54.6754
1248096083187 49.6228
1248096090261 53.2938
1248096112703 50.6194
1248096170443 52.0783
1248096184423 52.5751
1248096214152 52.3058
1248096219231 0.196889
1248096229128 41.2246
1248096236965 51.9331
1248096242213 51.2576
1248096247883 50.0882
1248096255228 52.4166
1248096271483 53.645
1248096284507 59.5823
1248096306994 58.2559
1248096314124 22.4404
1248096319584 47.4359
1248096326347 46.577
1248096332028 45.9426
1248096337304 27.4829
1248096342325 12.149
